2 input:
  # of Classes   Original   SD      BF   
 1                1.0000  1.0000  1.0000
3 input:
  # of Classes   Original   SD      BF   
 1                0.6111  0.5941  0.3620
 2                0.3858  0.4059  0.6380
 3                0.0031  0.0000  0.0000
4 input:
  # of Classes   Original   SD      BF   
 1                0.3223  0.4028  0.1005
 2                0.5545  0.4829  0.3891
 3                0.1232  0.1142  0.5104
5 input:
  # of Classes   Original   SD      BF   
 1                0.2773  0.2235  0.0563
 2                0.4790  0.5034  0.2504
 3                0.1597  0.2303  0.2294
 4                0.0672  0.0429  0.4639
 5                0.0168  0.0000  0.0000
6 input:
  # of Classes   Original   SD      BF   
 1                0.1791  0.1485  0.0265
 2                0.2985  0.3941  0.2397
 3                0.3284  0.3029  0.1544
 4                0.1642  0.1279  0.2132
 5                0.0299  0.0265  0.3662
7 input:
  # of Classes   Original   SD      BF   
 1                0.0000  0.0423  0.0038
 2                0.4231  0.3231  0.2846
 3                0.1923  0.3154  0.0846
 4                0.2692  0.2192  0.1692
 5                0.0769  0.0885  0.1231
 6                0.0385  0.0115  0.3346
8 input:
  # of Classes   Original   SD      BF   
 1                0.1667  0.0478  0.0043
 2                0.3333  0.2739  0.1652
 3                0.1667  0.2913  0.0609
 4                0.0417  0.2174  0.1826
 5                0.1667  0.1217  0.1348
 6                0.0833  0.0391  0.1739
 7                0.0000  0.0087  0.2783
 8                0.0417  0.0000  0.0000
9 input:
  # of Classes   Original   SD      BF   
 1                0.2500  0.0375  0.0000
 2                0.2500  0.2125  0.1500
 3                0.2500  0.2375  0.0625
 4                0.0000  0.2625  0.1000
 5                0.2500  0.0625  0.0375
 6                0.0000  0.1375  0.1625
 7                0.0000  0.0375  0.2250
 8                0.0000  0.0125  0.2625
10 input:
  # of Classes   Original   SD      BF   
 2                0.0000  0.2333  0.2000
 3                0.3333  0.3000  0.0667
 4                0.3333  0.1667  0.2000
 5                0.0000  0.0667  0.0667
 6                0.3333  0.1000  0.0333
 7                0.0000  0.1000  0.1333
 8                0.0000  0.0000  0.1000
 9                0.0000  0.0333  0.2000
11 input:
  # of Classes   Original   SD      BF   
 1                1.0000  0.1000  0.0000
 2                0.0000  0.3000  0.1000
 3                0.0000  0.1000  0.1000
 4                0.0000  0.2000  0.1000
 5                0.0000  0.1000  0.0000
 6                0.0000  0.1000  0.0000
 7                0.0000  0.0000  0.3000
 8                0.0000  0.0000  0.1000
 9                0.0000  0.0000  0.2000
 10               0.0000  0.1000  0.1000